21
CANVAS 1080 720 #FFFFA1 100
TRIANGLE 200 180 200 380 300 280 #E01616 100 #19D332 100
TRIANGLE 300 280 400 180 400 380 #E01616 100 #19D332 100
DIAMOND 300 380 200 200 #2F3BB7 100 #E01616 100
LINE 300 380 165 330 #000000 100
LINE 300 380 165 370 #000000 100
LINE 300 380 190 430 #000000 100
LINE 300 380 435 330 #000000 100
LINE 300 380 435 370 #000000 100
LINE 300 380 410 430 #000000 100
DIAMOND 350 555 250 250 #2F3BB7 100 #E01616 100
TRIANGLE 350 430 350 780 520 605 #00FFFF 100 #19D332 100
POLYGON 5 375 455 520 605 520 810 375 810 350 780 #f442ee 100 #f442ee 100
POLYGON 5 400 480 520 605 520 810 375 810 350 780 #00FFFF 100 #19D332 100
POLYGON 5 425 505 520 605 520 810 375 810 350 780 #f442ee 100 #f442ee 100
POLYGON 5 450 530 520 605 520 810 375 810 350 780 #00FFFF 100 #19D332 100
POLYGON 5 475 555 520 605 520 810 375 810 350 780 #f442ee 100 #f442ee 100
POLYGON 5 500 580 520 605 520 810 375 810 350 780 #00FFFF 100 #19D332 100
POLYGON 5 525 605 520 605 520 810 375 810 350 780 #f442ee 100 #f442ee 100
TRIANGLE 375 810 350 780 290 810 #00FFFF 100 #19D332 100
POLYGON 4 520 810 560 700 650 610 625 725 #f442ee 100 #f442ee 100
