16
CANVAS 720 720 #FFFFFF 100
TRIANGLE 300 200 260 150 360 200 #A5321A 100 #A5321A 100
TRIANGLE 420 200 460 150 360 200 #A5321A 100 #A5321A 100
SQUARE 360 260 100 #632A26 100 #632A26 100
SQUARE 260 260 100 #632A26 100 #632A26 100
TRIANGLE 260 260 360 360 150 380 #632A26 100 #632A26 100
TRIANGLE 460 260 360 360 570 380 #632A26 100 #632A26 100
TRIANGLE 280 260 440 260 360 500 #C8B666 100 #C8B666 100
TRIANGLE 300 200 360 240 250 290 #A5321A 100 #A5321A 100
TRIANGLE 420 200 360 240 470 290 #A5321A 100 #A5321A 100
TRIANGLE 300 190 360 190 360 280 #C8B666 100 #C8B666 100
TRIANGLE 420 190 360 190 360 280 #C8B666 100 #C8B666 100
POLYGON 4 300 191 358 191 358 240 330 240 #F8F7C0 100 #F8F7C0 100
POLYGON 4 420 191 362 191 362 240 390 240 #F8F7C0 100 #F8F7C0 100
TRIANGLE 360 470 330 495 350 490 #A5321A 100 #A5321A 100
TRIANGLE 360 470 390 495 370 490 #A5321A 100 #A5321A 100
